nc = 4

L=128
rho_min = 0.038538
rho_max = 0.039789

L=256
rho_min = 0.018518
rho_max = 0.019769

L=512
rho_min = 0.0097588
rho_max = 0.011010
